136
0.906976 160.419 137.688

10 0 0 0 1 1 2 4 0 0 0 0 153 20 1 0 0 0 0 0 
189 37 0 0 0 0 0 0 49 5 0 0 13 1 1 1 2 0 0 1 
0 0 0 3 167 18 0 0 0 0 0 3 189 31 0 0 0 0 0 1 
78 4 0 0 7 2 1 1 0 0 1 2 0 0 0 6 155 9 1 0 
0 0 0 17 189 6 0 0 0 0 0 2 79 1 0 0 3 3 3 0 
0 0 1 2 2 2 0 0 101 27 2 0 0 0 0 1 189 94 0 0 
0 0 0 0 50 33 0 0 

0.922998 122.053 159.333

17 38 9 0 0 0 4 20 21 23 54 16 1 0 10 48 20 33 128 128 
6 0 1 36 5 14 128 128 0 0 0 2 3 114 75 0 0 0 0 0 
4 90 67 30 35 1 0 0 0 3 61 128 128 29 4 0 45 34 66 80 
38 26 21 10 11 79 76 3 0 0 0 0 30 128 40 15 12 0 0 0 
12 17 17 25 88 62 57 11 16 3 0 0 11 82 128 23 20 67 7 1 
7 1 0 0 49 82 5 0 0 0 0 0 31 65 7 0 0 0 6 5 
20 29 6 0 4 15 31 4 

0.942132 82.7168 97.6454

21 5 0 0 1 31 73 69 1 1 0 0 13 108 72 4 41 4 0 0 
5 17 11 24 108 0 0 0 0 0 0 34 64 108 9 4 8 20 13 27 
5 30 14 31 108 94 19 5 44 0 0 3 36 22 7 87 73 0 0 0 
0 0 0 103 55 54 6 1 11 7 4 61 56 21 8 13 64 108 65 104 
41 0 0 1 34 79 25 86 64 0 0 0 0 0 0 108 76 0 0 0 
3 3 10 108 74 3 2 57 103 24 9 71 14 0 0 13 51 18 8 107 
33 0 0 0 0 0 0 108 

0.942132 82.7168 97.6454

30 0 6 33 24 1 1 16 104 7 4 12 32 25 40 74 2 0 2 19 
111 87 18 3 11 0 0 0 13 11 1 10 29 1 0 8 8 14 111 83 
71 24 32 76 67 30 50 35 0 1 21 111 80 14 25 6 2 0 0 3 
12 7 39 55 3 2 54 82 19 12 111 95 0 0 15 107 111 49 64 16 
0 0 1 9 21 10 111 62 0 0 0 0 0 0 111 75 0 0 24 53 
7 13 68 1 0 0 5 22 8 7 111 18 0 0 0 0 0 0 111 50 
0 0 0 0 0 0 105 60 

0.942587 167.091 54.7031

0 0 0 0 11 14 0 0 0 0 0 12 95 13 1 0 0 0 0 41 
189 23 0 0 0 0 0 5 80 4 0 0 0 0 0 1 15 13 0 0 
0 0 0 11 170 15 0 0 0 0 0 38 189 17 0 0 0 0 0 8 
84 0 0 0 0 0 1 12 11 2 0 0 0 0 0 27 166 6 0 0 
0 0 0 18 189 14 0 0 0 0 0 2 84 2 0 0 0 0 0 4 
17 8 0 0 0 0 0 20 133 6 0 0 0 0 0 31 189 7 0 0 
0 0 0 4 63 1 0 0 

0.946337 102.365 137.497

99 1 0 0 0 3 11 32 14 0 0 1 1 8 49 74 1 0 0 80 
21 4 73 42 0 0 2 131 27 2 10 3 131 33 0 0 0 0 0 26 
71 27 0 7 32 1 4 59 5 1 0 131 131 3 3 10 0 0 1 131 
42 1 0 0 51 131 0 0 0 0 0 0 71 131 3 6 33 1 0 1 
5 14 2 17 131 50 0 0 0 0 0 7 84 35 2 0 30 72 0 0 
0 0 0 0 95 100 0 1 5 0 0 0 14 21 1 3 131 46 0 0 
0 0 0 0 83 52 1 0 

0.955034 80.1738 26.8659

15 0 0 0 1 0 1 14 1 0 0 22 121 0 0 1 0 0 0 49 
179 0 0 0 0 0 0 6 54 0 0 0 14 0 0 9 5 0 0 6 
0 0 0 20 178 5 0 0 0 0 0 18 179 17 0 0 0 0 0 2 
57 3 0 0 7 0 0 3 14 4 0 3 0 0 0 19 168 4 0 0 
0 0 0 31 179 9 0 0 0 0 0 2 62 1 0 0 3 1 4 6 
11 1 0 0 0 0 0 78 140 1 0 0 0 0 0 120 179 0 0 0 
0 0 0 8 27 0 0 0 

0.971371 139.677 187.339

22 105 4 1 12 38 2 0 11 26 0 0 51 58 0 0 0 0 0 5 
85 66 0 0 0 0 0 6 92 48 0 0 27 30 0 0 3 136 70 8 
43 27 0 1 55 54 39 19 0 0 1 78 136 28 0 0 0 1 3 67 
90 3 0 0 0 0 0 0 0 99 53 1 2 0 0 1 128 118 68 8 
0 2 3 52 136 42 0 0 2 14 12 42 86 2 0 0 0 0 0 0 
1 3 1 0 0 0 0 0 86 87 1 0 0 0 0 1 136 136 0 0 
0 3 12 26 81 60 0 0 

0.972366 118.991 190.463

2 5 19 26 18 4 1 1 11 10 13 4 2 0 14 27 4 1 0 2 
4 7 45 33 21 2 1 4 5 3 4 12 3 2 5 11 11 91 136 27 
15 3 2 0 5 12 132 136 0 0 0 9 113 57 89 44 28 18 7 19 
58 5 1 0 0 0 0 0 5 136 136 11 0 0 0 12 87 49 136 80 
0 0 0 28 136 24 11 6 1 6 6 11 94 6 0 0 0 0 12 50 
33 37 24 0 0 0 0 64 136 22 7 0 0 0 0 70 136 15 0 0 
0 0 2 25 62 7 0 0 

0.972366 118.991 190.463

12 109 52 1 0 0 0 0 11 70 50 106 18 0 0 0 0 0 27 137 
52 0 0 0 7 32 44 137 9 0 0 0 10 137 64 0 0 0 0 0 
1 137 78 51 65 2 0 0 0 2 8 115 137 50 2 0 18 9 3 27 
30 21 9 19 4 122 62 0 0 0 0 0 0 137 120 16 11 0 0 0 
0 25 45 72 137 20 0 0 3 5 1 8 35 12 4 8 13 15 11 0 
0 0 4 8 10 55 20 0 0 9 28 11 3 25 20 19 20 7 4 1 
2 2 0 3 13 9 6 6 

0.972775 129.787 114.535

123 0 0 0 0 0 0 67 111 2 6 4 0 0 0 109 17 30 43 4 
0 0 0 41 13 38 56 0 0 0 0 11 123 0 0 0 0 0 0 123 
83 1 12 50 39 2 0 62 0 28 107 35 10 1 0 0 0 35 123 33 
0 0 0 0 123 5 0 1 2 1 0 115 29 2 2 23 109 24 2 23 
0 4 13 25 36 17 15 3 0 2 21 123 54 1 1 0 111 45 13 7 
0 0 0 4 7 11 42 107 24 1 0 0 0 0 75 123 9 2 1 0 
0 0 23 123 37 0 0 0 

0.978778 68.126 52.4415

2 0 0 1 13 7 5 2 0 0 0 0 160 99 0 0 0 0 0 0 
160 122 0 0 0 0 0 0 10 8 0 0 2 1 1 2 6 2 7 4 
0 0 0 1 115 89 18 3 0 0 0 6 160 127 0 0 0 0 0 1 
48 7 0 0 15 2 0 0 0 0 6 25 1 0 0 7 160 17 16 11 
0 0 0 26 160 8 0 0 0 0 0 3 55 0 0 0 12 15 1 0 
0 0 0 5 3 6 1 67 139 0 0 0 0 0 0 100 160 0 0 0 
0 0 0 5 29 0 0 0 

0.979064 107.013 96.4388

0 0 15 46 122 66 1 0 2 8 5 40 122 56 2 0 73 120 24 10 
10 22 3 4 15 41 48 65 63 63 1 0 0 0 93 122 82 2 0 0 
1 20 19 60 101 89 13 2 6 33 36 17 106 85 7 0 1 16 83 60 
18 1 0 0 0 10 53 122 39 0 0 0 2 110 67 55 16 4 0 0 
1 11 18 102 122 8 0 0 9 9 3 9 17 3 3 7 2 19 44 95 
3 0 0 0 6 64 41 28 2 0 0 0 0 8 18 81 39 0 0 0 
10 46 3 7 4 0 0 0 

0.983704 169.491 153.919

0 0 0 2 31 4 0 0 0 0 0 15 168 24 0 0 0 0 0 8 
168 9 0 0 0 0 0 0 1 0 0 0 0 0 0 4 43 5 0 0 
0 0 0 73 168 7 0 0 0 0 0 32 168 2 0 0 0 0 0 0 
1 0 0 0 0 0 0 0 46 7 0 0 0 0 0 7 168 65 0 0 
0 0 0 3 168 30 0 0 0 0 0 0 1 0 0 0 0 0 0 0 
20 6 0 0 0 0 0 0 168 113 0 0 0 0 0 0 135 121 0 0 
0 0 0 0 3 7 0 0 

0.984569 78.9727 131.427

50 9 0 0 1 0 0 21 59 8 1 30 88 18 3 19 0 0 0 49 
188 29 0 0 0 0 0 5 69 3 0 0 34 1 1 0 0 0 4 103 
22 3 6 20 121 56 8 39 0 0 0 28 188 68 0 0 0 0 0 4 
80 4 0 0 23 4 13 2 0 0 0 51 3 3 29 55 109 9 0 5 
0 0 0 72 188 14 0 0 0 0 0 10 76 0 0 0 5 3 13 17 
7 0 0 5 0 7 12 29 114 0 0 0 0 0 0 52 188 0 0 0 
0 0 0 7 44 0 0 0 

0.989494 177.42 156.936

0 0 0 9 44 0 0 0 0 0 0 77 181 10 0 0 0 0 0 37 
123 3 0 0 0 0 0 0 1 0 0 0 0 0 0 3 66 1 0 0 
0 0 0 19 181 12 0 0 0 0 0 4 175 5 0 0 0 0 0 0 
1 0 0 0 0 0 0 6 65 1 0 0 0 0 0 35 181 8 0 0 
0 0 0 8 166 3 0 0 0 0 0 0 2 0 0 0 0 0 0 42 
57 0 0 0 0 0 0 156 181 0 0 0 0 0 0 27 70 0 0 0 
0 0 0 0 1 0 0 0 

0.992964 97.2707 201.173

0 0 0 0 7 153 16 0 0 0 0 0 16 153 42 0 0 0 0 1 
10 65 18 0 0 0 0 1 4 23 10 0 0 0 1 4 17 77 14 0 
0 0 0 44 153 153 24 0 0 1 27 51 88 48 9 0 0 0 17 9 
8 19 8 0 0 1 2 6 24 4 0 0 0 0 0 18 153 135 0 0 
0 0 13 15 114 125 0 0 0 0 18 5 1 13 0 0 0 0 0 0 
3 3 1 1 0 0 0 0 60 153 0 0 0 0 0 0 30 153 8 0 
0 0 0 0 0 106 11 0 

0.997978 66.4682 64.8133

1 0 1 9 38 4 1 1 0 0 0 51 154 24 0 0 0 0 0 44 
142 7 0 0 0 0 0 1 2 0 0 0 1 0 0 12 71 18 2 1 
0 0 0 73 154 16 0 0 0 0 0 27 154 5 0 0 0 0 0 0 
1 0 0 0 3 1 0 11 80 14 1 0 0 0 0 10 154 129 2 0 
0 0 0 4 154 61 0 0 0 0 0 0 1 0 0 0 1 0 0 4 
14 12 20 7 0 0 0 0 154 135 15 4 0 0 0 0 154 94 0 0 
0 0 0 0 4 3 0 0 

1.00314 97.0687 171.023

5 0 0 4 20 0 1 14 0 0 0 70 166 0 0 0 0 0 1 52 
140 4 1 0 36 2 3 5 3 1 2 25 5 3 0 3 45 0 0 2 
0 0 0 47 166 4 0 0 1 1 5 22 134 9 6 2 66 2 2 0 
0 3 6 37 3 0 0 0 38 5 0 3 0 0 0 3 166 60 0 0 
7 4 9 11 153 21 0 0 127 9 4 1 0 0 0 11 2 0 0 0 
16 9 1 2 0 0 0 0 166 71 0 0 12 0 0 1 166 37 0 0 
108 8 0 0 1 0 0 2 

1.01281 128.514 99.2953

14 53 107 30 2 0 0 0 7 21 96 52 71 34 0 0 4 7 3 6 
63 127 20 0 0 0 0 0 42 127 32 0 60 127 64 17 1 3 5 2 
43 28 47 21 7 10 33 54 17 9 3 14 100 44 2 16 0 0 0 1 
127 102 0 0 127 127 0 0 0 0 1 1 53 96 21 4 2 1 6 13 
0 2 28 36 48 14 1 3 0 0 1 13 90 50 0 0 64 127 6 0 
0 0 0 0 83 127 0 0 0 2 0 0 9 31 3 8 5 38 16 1 
0 0 0 8 17 47 54 2 

1.01281 128.514 99.2953

0 0 2 1 0 46 126 1 0 0 1 0 0 85 126 0 0 0 0 0 
0 126 126 0 0 0 0 0 0 96 126 29 12 8 42 20 1 4 14 3 
18 10 9 1 3 12 35 30 5 2 4 24 37 59 63 12 28 2 3 6 
2 28 98 91 19 66 37 3 0 0 0 2 20 103 22 0 4 1 1 9 
16 33 34 12 36 41 29 27 53 43 18 2 1 5 20 118 0 73 97 0 
0 0 0 0 1 118 110 3 0 0 0 0 3 48 126 26 0 1 2 1 
47 126 66 2 0 0 1 2 

1.01848 123.879 110.16

2 0 2 12 14 16 7 7 0 0 0 12 146 61 1 1 0 0 0 7 
146 52 0 0 23 16 0 0 35 9 0 0 0 2 1 17 59 45 12 2 
0 0 0 90 146 10 0 0 0 0 0 25 146 41 0 0 14 9 0 0 
61 19 0 0 0 23 32 34 78 8 0 0 0 0 0 23 146 102 0 0 
0 0 0 1 146 142 0 0 4 5 0 0 93 33 0 0 7 52 19 5 
8 2 0 2 1 5 1 2 106 52 0 0 0 0 0 0 146 47 0 0 
1 0 0 0 100 23 0 0 

1.02002 125.648 163.454

0 11 77 23 9 8 0 0 0 13 20 5 118 139 0 0 0 0 5 15 
139 139 1 0 0 2 12 6 8 85 8 0 1 44 136 27 0 0 0 0 
15 127 50 15 121 15 0 0 0 4 18 52 139 33 0 0 14 31 69 24 
30 17 5 14 18 27 69 30 1 0 0 2 68 111 28 38 43 0 0 1 
0 6 8 50 139 95 23 0 20 4 4 3 22 66 73 65 32 10 3 2 
4 1 0 6 34 30 10 18 11 0 0 2 0 2 16 54 34 23 11 0 
2 1 23 29 14 27 21 4 

1.03327 167.017 44.9409

0 0 0 11 53 1 0 0 0 0 0 7 179 4 0 0 0 0 0 1 
146 1 0 0 0 0 0 0 0 0 0 0 0 0 1 34 54 0 0 0 
0 0 0 33 179 8 0 0 0 0 0 10 167 3 0 0 0 0 0 0 
0 0 0 0 0 0 0 14 43 5 0 0 0 0 0 27 179 33 0 0 
0 0 0 7 164 11 0 0 0 0 0 0 0 0 0 0 0 0 0 57 
42 3 0 0 0 0 0 179 179 0 0 0 0 0 0 33 77 0 0 0 
0 0 0 0 0 0 0 0 

1.03779 108.609 154.962

0 25 91 36 20 8 0 1 4 65 114 7 2 1 4 8 0 9 114 64 
12 4 3 0 0 0 27 114 31 0 0 0 4 4 12 7 35 53 40 31 
25 19 18 4 4 17 62 114 1 2 19 47 107 72 39 8 1 0 5 43 
61 9 5 13 2 2 1 1 47 114 99 9 21 34 78 42 42 40 10 27 
1 3 50 114 90 17 9 5 13 0 0 20 26 2 14 94 0 0 0 1 
114 114 9 0 0 0 6 9 82 114 18 0 4 0 4 16 14 55 48 18 
78 4 0 0 1 1 37 114 

1.03779 108.609 154.962

0 0 2 39 91 57 0 0 0 0 0 10 90 89 24 2 23 20 0 0 
6 51 23 4 120 101 0 0 0 1 1 7 6 3 7 120 62 4 1 2 
43 10 3 22 33 40 64 70 5 3 1 6 78 120 56 14 87 55 2 0 
11 21 6 22 20 15 7 99 34 3 12 5 108 80 21 22 8 4 11 29 
5 11 15 57 114 40 54 11 9 1 0 0 14 14 61 89 4 0 0 8 
18 56 83 17 32 7 2 1 1 7 60 120 1 1 1 4 3 38 120 55 
0 0 0 0 0 19 120 62 

1.03779 108.609 154.962

0 9 121 43 14 2 0 0 1 3 103 95 10 3 4 2 0 0 15 106 
91 21 4 0 7 0 4 22 27 8 2 20 19 5 73 37 5 24 8 22 
53 11 35 17 6 18 52 100 1 1 3 28 121 106 44 10 43 1 0 5 
48 15 3 33 13 1 0 1 11 54 121 43 52 30 49 43 14 45 29 47 
2 3 28 121 110 34 16 5 72 3 0 6 28 7 15 94 0 2 0 0 
6 85 121 10 0 0 4 6 32 121 42 0 0 0 2 11 13 92 97 4 
40 21 3 3 11 17 39 28 

1.04236 113.355 136.029

3 6 77 68 6 3 0 0 0 3 29 42 114 11 1 0 0 0 0 7 
165 24 0 0 56 67 2 9 43 0 0 0 6 92 33 14 4 6 0 0 
0 16 21 9 98 21 5 0 0 0 1 8 165 26 0 0 22 46 3 11 
99 2 0 0 43 112 31 2 0 0 0 0 4 39 88 31 46 2 0 0 
1 1 10 29 165 28 0 0 8 5 0 2 111 16 2 3 22 54 60 1 
0 0 0 6 47 33 53 6 7 8 3 39 19 3 1 1 165 110 6 17 
1 0 0 0 93 33 1 1 

1.0461 145.273 96.0654

0 0 1 24 29 37 92 13 0 0 0 4 26 125 80 0 0 0 4 8 
28 125 16 0 0 5 11 3 5 48 11 0 0 0 0 1 44 61 110 11 
0 0 0 47 125 86 23 0 0 0 7 79 91 69 2 0 0 5 16 9 
7 55 24 0 6 0 0 1 90 65 8 9 0 0 0 13 125 125 0 0 
0 0 4 18 81 125 0 0 4 20 20 4 18 62 1 0 12 11 0 1 
66 42 3 4 0 0 0 3 95 125 35 0 0 0 0 0 29 125 52 0 
2 1 0 0 19 125 11 1 

1.0461 145.273 96.0654

0 0 0 4 20 95 44 3 0 0 1 18 48 120 51 0 0 0 3 13 
92 120 1 0 0 12 33 10 39 21 0 0 0 0 0 28 95 24 10 9 
0 0 3 120 120 20 1 0 0 0 28 120 100 33 0 0 0 1 5 9 
87 53 0 0 0 0 0 76 120 8 1 1 0 0 0 81 120 25 0 0 
0 8 28 47 120 27 0 0 2 24 13 5 20 36 0 0 2 0 0 8 
73 104 6 1 0 0 0 8 117 120 0 0 1 3 0 1 120 59 0 0 
28 15 1 1 14 10 2 10 

1.05175 135.297 80.3926

1 1 2 26 117 30 0 0 0 0 0 4 157 122 0 0 0 0 0 0 
67 92 8 0 0 0 0 0 11 43 19 0 7 1 0 25 157 26 2 5 
0 0 0 36 157 15 0 0 0 0 0 14 127 27 0 0 0 0 0 0 
26 45 1 0 4 0 0 53 157 4 1 3 0 0 0 19 157 21 0 0 
0 0 0 2 101 34 4 0 0 0 0 0 12 50 5 0 0 0 0 76 
110 0 0 0 0 0 0 38 157 8 0 0 1 2 6 20 80 6 1 1 
0 1 5 3 1 14 8 2 

1.05424 169.546 56.1358

0 0 0 5 51 10 0 0 0 0 0 45 194 12 0 0 0 0 0 14 
131 3 0 0 0 0 0 0 0 0 0 0 0 0 0 9 77 9 0 0 
0 0 0 17 194 24 0 0 0 0 0 5 164 4 0 0 0 0 0 0 
0 0 0 0 0 0 0 21 74 4 0 0 0 0 0 29 194 15 0 0 
0 0 0 7 164 6 0 0 0 0 0 0 0 0 0 0 0 0 0 1 
71 17 0 0 0 0 0 20 194 5 0 0 0 0 0 8 116 0 0 0 
0 0 0 0 0 0 0 0 

1.06814 65.9653 50.8529

0 0 0 0 75 63 1 0 0 0 0 0 171 171 0 0 0 0 0 0 
37 28 0 0 0 0 0 0 0 0 0 0 1 0 0 0 35 32 22 12 
0 0 0 1 171 120 5 0 0 0 0 0 147 15 0 0 0 0 0 0 
0 0 0 0 10 7 0 4 49 5 5 14 0 0 0 34 171 22 1 0 
0 0 0 9 165 6 0 0 0 0 0 0 0 0 0 0 8 12 2 29 
51 1 0 1 0 0 0 147 171 5 0 0 0 0 0 26 71 1 0 0 
0 0 0 0 0 0 0 0 

1.07075 162.116 36.1093

1 0 0 1 58 7 0 0 0 0 0 2 186 54 0 0 0 0 0 0 
110 17 0 0 0 0 0 0 0 0 0 0 3 0 0 9 60 5 0 0 
0 0 0 41 186 33 0 0 0 0 0 14 169 8 0 0 0 0 0 0 
0 0 0 0 3 0 0 9 63 3 0 0 0 0 0 9 186 50 0 0 
0 0 0 3 172 17 0 0 0 0 0 0 0 0 0 0 0 0 0 8 
39 2 0 0 0 0 0 2 186 27 0 0 0 0 0 0 168 13 0 0 
0 0 0 0 0 0 0 0 

1.07625 100.885 146.227

147 60 1 8 24 0 0 0 19 11 1 36 147 10 0 0 0 0 0 4 
106 30 4 0 11 10 2 2 2 2 4 11 144 55 8 14 17 4 19 20 
14 17 9 67 147 17 0 0 0 0 0 5 139 43 2 0 1 18 6 4 
21 14 2 0 14 13 4 11 40 53 43 14 5 5 4 21 127 147 17 5 
0 0 0 1 41 147 52 0 0 0 0 0 6 68 83 2 8 3 0 15 
54 31 33 8 12 2 0 23 50 67 26 11 0 0 0 4 31 115 62 1 
0 0 0 1 27 67 50 0 

1.07657 72.8688 119.851

2 6 4 6 35 8 6 2 0 0 0 2 166 64 0 0 0 0 0 0 
95 16 0 0 0 0 0 0 0 0 0 0 0 0 0 1 31 56 22 2 
0 0 0 17 166 37 0 0 0 0 0 6 159 4 0 0 0 0 0 0 
0 0 0 0 0 0 0 9 102 47 16 3 0 0 0 14 166 25 0 0 
0 0 0 3 153 9 0 0 0 0 0 0 0 0 0 0 0 0 0 12 
104 28 1 0 0 0 0 5 166 151 3 0 0 0 0 0 63 166 5 0 
0 0 0 0 3 10 0 0 

1.08316 165.661 92.9378

176 0 0 0 7 2 1 140 11 4 0 17 115 6 2 18 38 20 0 6 
22 5 0 10 2 1 0 3 61 30 0 0 176 7 0 1 22 2 0 80 
10 3 0 15 176 19 3 7 65 21 0 4 31 5 5 29 6 2 0 19 
70 15 2 2 176 46 0 0 9 4 1 4 10 1 0 2 56 92 53 12 
9 0 0 0 21 47 70 63 1 0 0 3 67 31 12 5 176 14 0 0 
0 0 0 24 25 5 2 4 8 18 15 8 1 0 0 15 39 23 18 9 
1 0 0 5 56 29 9 3 

1.0839 136.158 86.925

46 123 26 0 0 0 0 0 13 68 38 9 26 3 0 0 0 2 7 29 
99 21 0 0 0 0 0 2 123 77 0 0 33 101 31 0 0 0 5 86 
85 76 29 0 13 6 7 102 12 3 0 21 123 23 2 8 0 0 0 25 
123 16 0 0 87 4 0 0 0 2 17 123 55 8 0 8 23 8 47 94 
10 1 0 46 123 6 2 6 0 0 0 25 123 4 0 0 123 13 0 0 
0 0 2 22 34 17 6 55 33 2 16 10 0 0 0 81 104 0 0 0 
0 0 0 20 123 3 0 0 

1.08502 132.028 189.381

0 0 0 6 52 58 0 0 0 0 0 9 57 29 0 0 0 0 1 57 
73 9 0 0 0 1 37 89 7 0 0 0 0 0 0 0 37 138 3 0 
0 0 0 0 64 125 13 0 0 0 0 47 138 34 0 0 0 0 12 108 
66 0 0 0 0 0 0 10 89 86 2 0 0 0 0 13 138 57 1 0 
0 0 0 43 138 17 0 0 0 1 1 47 110 3 0 0 0 0 0 12 
138 72 4 1 0 8 10 21 115 29 0 0 0 0 1 5 138 97 0 0 
0 0 0 2 69 81 5 0 

1.09366 159.627 31.3638

0 0 0 2 37 5 0 0 0 0 0 3 188 26 0 0 0 0 0 2 
151 10 0 0 0 0 0 0 0 0 0 0 1 0 0 4 50 4 0 0 
0 0 0 35 188 6 0 0 0 0 0 14 186 2 0 0 0 0 0 0 
0 0 0 0 3 0 0 7 55 4 0 0 0 0 0 37 188 33 0 0 
0 0 0 11 174 11 0 0 0 0 0 0 0 0 0 0 2 0 0 15 
53 0 0 0 0 0 0 63 188 2 0 0 0 0 0 20 106 0 0 0 
0 0 0 0 0 0 0 0 

1.09742 110.444 164.396

79 5 0 0 1 3 2 38 76 8 1 4 1 0 0 61 12 5 4 119 
55 12 1 8 0 0 30 116 25 9 2 2 68 76 6 2 1 1 0 13 
79 90 2 11 29 0 0 10 4 4 3 119 119 10 0 1 0 0 20 63 
30 3 1 0 45 28 2 0 0 1 12 43 77 86 3 2 18 3 12 55 
7 13 2 7 119 119 21 18 0 0 0 2 26 76 52 0 8 0 0 0 
0 1 111 106 7 1 0 5 1 2 98 119 1 0 2 22 36 119 45 51 
1 0 0 3 13 105 102 10 

1.09771 92.0731 24.0248

140 11 0 0 0 0 0 1 30 17 1 6 26 0 0 0 0 0 0 59 
112 0 0 0 0 0 18 89 24 0 0 0 140 17 0 0 0 0 3 9 
40 13 0 5 46 0 2 3 0 0 0 80 140 2 0 0 0 0 6 121 
68 0 0 0 140 44 0 0 0 1 5 9 15 3 0 1 35 10 11 9 
0 0 0 6 140 54 0 0 0 0 0 23 140 14 0 0 140 53 0 0 
0 0 2 5 14 4 0 0 11 15 14 16 0 0 0 0 140 107 2 0 
0 0 0 18 140 52 0 0 

1.10754 85.9295 165.76

0 0 0 7 12 5 0 0 0 0 0 131 119 0 0 0 0 0 0 136 
136 0 0 0 0 0 0 13 6 0 0 0 0 1 16 5 30 24 1 0 
0 0 1 103 136 36 0 0 0 0 0 72 136 19 0 0 0 0 0 0 
1 0 0 0 0 45 136 3 10 4 0 0 0 34 60 9 136 136 0 0 
0 0 1 2 82 136 0 0 0 0 0 0 5 24 0 0 2 31 43 0 
0 0 1 0 1 62 55 3 10 20 0 0 0 13 13 8 93 136 0 0 
0 0 0 0 42 75 0 0 

1.10836 123.354 145.905

68 0 0 0 13 7 4 127 73 4 1 1 2 18 37 126 5 3 2 24 
106 46 10 1 1 0 0 13 127 16 0 4 58 0 0 0 1 7 21 127 
70 1 0 1 18 20 16 72 3 0 0 10 127 60 6 3 9 0 0 15 
127 19 2 17 35 0 0 0 0 3 28 127 26 0 0 24 36 7 23 30 
2 0 0 82 127 14 0 1 10 0 0 15 120 25 11 65 13 4 0 0 
1 12 31 58 0 0 0 15 61 67 13 3 0 0 0 44 122 62 16 6 
8 0 0 7 21 11 23 127 

1.11565 91.3755 145.557

0 1 42 41 7 25 55 30 1 0 4 4 2 100 126 50 0 0 0 0 
15 126 126 4 0 0 0 0 6 92 126 9 8 21 33 11 2 3 50 40 
73 50 21 7 20 16 61 60 11 3 1 16 126 103 32 10 0 1 4 4 
82 49 18 2 19 28 38 27 12 8 1 1 93 112 59 49 9 1 0 0 
7 13 78 126 76 8 0 0 1 5 41 57 68 10 0 0 15 57 53 6 
5 5 2 2 12 27 41 39 13 31 11 4 0 1 56 126 27 30 0 0 
0 12 70 32 3 4 1 0 

1.11565 91.3755 145.557

5 0 0 0 4 31 48 27 11 4 0 0 0 18 124 69 37 33 4 1 
3 17 62 57 4 13 7 9 53 45 12 5 81 4 0 1 1 4 14 45 
80 3 0 0 7 12 101 126 5 1 0 3 119 70 81 50 15 8 1 3 
29 30 28 13 79 104 37 0 0 1 1 9 126 86 40 14 14 1 2 41 
10 6 59 33 104 43 24 8 3 1 21 7 20 31 51 10 4 126 102 0 
0 0 0 0 13 126 100 3 0 0 0 0 4 43 126 22 2 3 20 5 
14 14 69 9 2 3 32 17 

1.11587 115.46 126.224

0 0 0 2 26 51 45 0 0 0 0 0 42 127 22 0 2 0 0 0 
9 120 28 17 6 1 1 4 16 17 35 56 0 0 0 0 35 100 35 10 
0 0 0 2 30 75 127 55 3 1 1 7 103 127 75 9 8 4 11 41 
52 14 6 14 2 3 0 0 3 58 48 44 0 0 0 13 76 61 72 78 
0 0 0 37 127 127 8 0 0 0 1 13 79 62 2 0 5 5 0 0 
9 8 64 61 0 0 0 0 60 75 24 16 0 0 0 0 46 127 50 2 
0 0 0 0 11 127 106 0 

1.1162 130.664 172.969

0 1 9 0 0 0 0 0 0 0 5 9 141 2 0 0 0 0 1 61 
177 2 0 0 0 0 1 82 43 0 0 0 0 3 10 2 0 0 0 0 
1 2 3 4 159 11 0 0 0 0 0 29 177 27 0 0 0 0 0 43 
71 3 0 0 1 57 32 0 0 0 0 0 3 15 6 33 137 1 0 0 
0 0 0 35 177 17 0 0 0 0 0 1 88 21 0 0 25 97 19 0 
0 0 0 0 13 31 9 71 94 0 0 0 0 0 0 63 177 2 0 0 
0 0 0 1 70 8 0 0 

1.16253 113.605 129.092

3 0 0 0 3 16 33 125 2 0 6 14 57 65 10 11 0 0 20 50 
77 30 0 0 0 0 22 95 37 2 0 0 5 0 0 0 29 19 14 50 
0 0 0 27 125 48 2 0 0 0 0 56 125 40 1 0 0 0 2 58 
125 4 0 0 0 0 0 0 18 92 60 4 0 0 0 15 68 125 49 0 
0 0 0 43 125 125 15 0 0 0 0 20 125 41 8 0 1 1 3 34 
37 38 13 1 0 0 4 125 122 28 8 0 0 0 16 125 94 16 0 0 
0 2 19 47 44 18 13 1 

1.16253 113.605 129.092

0 0 0 1 17 47 72 3 0 0 0 30 23 15 61 5 0 1 8 49 
66 16 21 2 2 48 57 19 13 0 3 6 0 0 3 16 101 61 2 0 
0 0 7 120 86 21 0 0 0 0 42 120 43 1 0 0 0 16 55 82 
25 0 0 0 0 1 86 101 42 14 0 0 0 2 62 83 120 40 0 0 
0 0 41 120 93 4 0 0 0 3 57 120 6 0 0 0 0 3 120 120 
8 0 0 0 0 11 120 104 22 0 0 0 0 0 18 120 54 11 0 0 
1 1 23 69 9 4 0 1 

1.16489 71.7515 92.0944

24 47 24 2 20 26 3 7 2 0 0 7 108 126 2 1 0 0 8 24 
38 106 7 0 0 1 27 19 7 39 16 0 97 18 4 2 24 6 2 95 
5 0 2 54 126 59 3 7 0 0 12 31 37 104 15 0 0 0 0 1 
2 87 51 0 47 60 72 5 16 1 0 27 0 13 47 18 98 105 19 0 
0 1 16 13 15 99 105 0 1 0 4 11 11 41 37 4 0 126 126 0 
0 0 0 0 0 98 126 3 1 8 2 0 0 28 126 36 6 19 15 0 
0 2 43 81 16 11 3 0 

1.19204 81.5756 135.594

16 21 24 2 0 0 0 3 15 11 8 9 79 7 0 0 0 0 0 11 
197 27 0 0 0 0 0 1 80 5 0 0 27 31 17 0 0 0 0 4 
69 18 1 5 86 24 2 11 0 0 0 15 197 50 0 0 0 0 0 3 
110 3 0 0 30 3 2 0 0 0 0 57 64 1 0 15 104 16 3 55 
0 0 0 49 197 24 0 0 0 0 0 7 102 1 0 0 31 1 1 0 
0 0 0 71 12 3 8 29 88 11 2 30 0 0 0 44 197 17 0 0 
0 0 0 6 71 0 0 0 

1.19846 88.3169 154.263

9 11 5 1 3 13 5 2 12 7 3 19 26 29 10 3 5 7 8 181 
181 2 0 0 0 0 0 64 105 0 0 0 9 12 15 14 2 1 4 3 
2 43 22 14 101 25 0 0 0 1 1 60 181 28 0 0 0 0 0 15 
87 1 0 0 14 13 10 12 12 31 3 4 0 56 26 25 70 49 1 0 
0 6 6 33 181 11 0 0 0 0 0 0 97 2 0 0 30 11 0 0 
1 19 9 40 1 1 1 9 86 99 9 6 0 0 0 22 181 12 0 0 
0 0 0 1 76 2 0 0 

1.20374 135.805 180.509

0 0 0 4 9 0 0 0 0 0 0 105 100 1 0 0 0 0 30 148 
33 0 0 0 0 0 42 65 1 0 0 0 0 0 0 3 31 3 0 0 
0 0 0 82 148 8 0 0 0 0 31 126 87 1 0 0 0 0 55 148 
5 0 0 0 0 0 2 0 24 6 0 0 0 0 0 7 148 63 0 0 
0 0 3 93 148 16 0 0 0 0 7 117 64 0 0 0 0 0 8 3 
6 0 0 0 0 0 1 3 148 54 0 0 0 0 0 38 148 40 0 0 
0 0 0 29 65 1 0 0 

1.21782 151.105 20.4446

1 0 0 0 43 7 0 0 0 0 0 0 192 28 0 0 0 0 0 0 
135 10 0 0 0 0 0 0 0 0 0 0 2 0 0 1 60 6 0 1 
0 0 0 19 192 4 0 0 0 0 0 7 181 1 0 0 0 0 0 0 
0 0 0 0 2 0 0 3 67 3 0 0 0 0 0 8 192 2 0 0 
0 0 0 2 176 1 0 0 0 0 0 0 0 0 0 0 0 0 0 7 
51 0 0 0 0 0 0 34 192 0 0 0 0 0 0 9 125 0 0 0 
0 0 0 0 0 0 0 0 

1.22471 83.9256 19.5339

2 0 0 0 57 28 0 0 0 0 0 1 190 105 0 0 0 0 0 0 
107 24 0 0 0 0 0 0 0 0 0 0 4 4 5 11 63 5 0 0 
0 0 0 27 190 12 0 0 0 0 0 9 177 3 0 0 0 0 0 0 
1 0 0 0 4 1 5 16 54 0 0 0 0 0 0 23 190 11 0 0 
0 0 0 5 172 5 0 0 0 0 0 0 1 0 0 0 1 0 0 15 
54 0 0 0 0 0 0 47 190 0 0 0 0 0 0 12 116 0 0 0 
0 0 0 0 0 0 0 0 

1.25279 149.234 96.3294

0 0 2 89 66 0 0 0 0 0 6 123 112 10 1 0 0 0 33 92 
40 22 1 0 0 2 71 26 4 2 0 0 0 0 0 40 64 58 33 1 
0 0 0 30 59 123 117 0 0 0 2 16 79 123 27 0 0 2 25 14 
49 84 0 0 22 2 0 4 14 27 38 22 0 0 0 7 123 93 51 4 
0 0 0 66 123 66 3 0 0 1 5 35 60 56 2 0 71 15 0 2 
18 6 2 15 4 1 0 3 123 51 2 4 0 0 0 5 123 123 3 0 
2 4 5 6 54 79 0 0 

1.25279 149.234 96.3294

1 1 19 48 10 8 5 6 0 1 50 58 58 23 1 0 0 3 126 76 
12 4 0 0 0 68 126 22 0 0 0 0 1 0 3 27 18 18 34 31 
0 0 9 68 126 82 3 0 0 0 42 77 126 43 0 0 0 49 85 34 
18 0 0 0 0 0 19 126 26 2 3 4 0 0 74 126 32 2 0 0 
0 0 54 126 126 3 0 0 5 51 20 43 45 0 0 0 0 0 3 92 
126 7 0 0 0 2 27 126 67 0 0 0 2 7 43 64 41 0 0 0 
14 15 3 22 36 1 0 1 

1.25574 135.37 113.324

43 10 0 0 10 16 10 93 3 1 0 12 154 81 7 6 0 0 0 42 
154 11 0 0 0 0 0 11 73 8 0 0 52 33 2 3 22 1 11 27 
10 6 0 37 154 10 0 3 0 0 0 17 154 37 0 0 0 0 0 2 
55 48 10 2 7 0 0 9 41 14 72 35 2 0 0 28 154 24 2 4 
0 0 0 17 154 17 0 0 2 0 0 5 22 24 21 15 0 0 0 55 
92 9 10 0 0 0 0 92 154 4 0 0 0 0 0 17 134 24 7 3 
2 0 0 1 5 4 17 51 

1.25584 141.908 150.987

0 0 15 79 6 0 0 0 0 0 15 140 23 0 0 0 0 0 1 140 
110 3 0 0 7 6 22 91 49 5 3 9 11 2 2 24 43 13 2 3 
0 0 12 140 140 17 0 0 5 7 34 128 94 31 9 5 6 1 0 10 
24 41 89 50 20 32 7 24 41 5 0 0 1 1 4 69 140 20 0 1 
65 6 9 11 84 7 6 60 18 0 0 0 0 2 78 93 12 13 9 47 
31 0 0 0 2 0 1 79 140 3 0 5 88 0 0 4 39 3 1 75 
44 1 0 2 2 0 7 44 

1.25727 114.478 31.5375

0 0 0 0 50 64 4 0 0 0 0 20 121 46 5 0 0 0 0 97 
138 2 0 0 0 0 0 65 31 0 0 0 0 0 0 2 71 44 0 0 
0 0 0 62 138 22 0 0 0 0 0 73 138 24 0 0 0 0 0 31 
66 10 0 0 0 0 0 0 98 34 0 0 0 0 0 8 138 83 0 0 
0 0 0 2 138 100 0 0 0 0 0 1 91 45 0 0 0 0 0 4 
79 8 0 0 0 0 0 1 138 51 0 0 0 0 0 0 138 87 0 0 
0 0 0 0 95 33 0 0 

1.27766 110.271 94.0499

7 0 0 0 27 58 60 100 0 0 0 2 107 125 17 2 0 7 6 3 
10 73 93 17 11 46 18 0 2 43 21 2 0 0 1 18 119 68 50 30 
3 4 2 32 125 70 7 2 47 40 7 12 26 74 56 36 4 6 6 13 
78 125 12 2 0 0 29 125 125 11 3 0 1 5 19 80 125 42 0 0 
19 57 50 26 48 31 0 0 1 8 39 67 76 16 0 0 0 2 36 125 
62 0 0 0 0 31 60 56 17 5 0 0 1 4 15 55 57 5 0 0 
1 2 6 8 18 11 1 1 

1.28336 92.2143 89.0384

59 5 1 6 7 1 3 129 72 80 22 32 12 1 0 14 4 10 82 129 
44 3 0 0 0 0 18 129 39 0 0 0 31 10 14 129 29 1 3 72 
129 98 20 61 49 19 1 2 15 10 15 94 129 73 0 0 0 0 6 57 
47 3 0 0 12 17 30 129 6 0 0 1 68 129 62 32 12 1 0 0 
6 38 58 92 129 9 0 0 0 0 0 12 64 8 5 0 0 3 5 17 
15 5 0 0 0 22 40 7 3 3 2 0 3 7 43 39 19 2 3 7 
7 0 0 6 18 19 26 24 

1.28336 92.2143 89.0384

15 19 7 1 0 0 0 5 27 8 12 11 0 6 24 49 2 5 2 1 
0 36 41 13 8 14 9 0 0 3 3 4 27 0 0 0 0 0 3 46 
121 0 0 0 10 26 31 121 9 0 0 2 105 121 46 35 6 0 0 0 
17 19 36 34 26 0 0 0 0 0 107 114 121 5 1 9 40 9 60 121 
20 2 1 23 121 37 41 64 1 0 3 32 19 10 110 119 37 0 0 0 
0 5 111 121 6 0 0 10 65 35 98 52 6 2 19 61 60 24 15 37 
2 1 52 121 4 0 7 22 

1.28633 153.141 148.155

0 0 2 15 45 0 0 0 0 4 6 26 113 1 0 0 3 31 25 7 
14 39 5 1 0 3 5 5 109 152 1 0 0 0 1 47 54 0 0 0 
0 3 24 84 152 3 0 0 7 60 71 18 12 1 0 0 2 19 14 20 
91 40 0 0 0 12 65 58 47 0 0 0 0 2 17 40 152 25 0 0 
16 35 16 7 38 12 1 2 2 13 32 83 37 1 0 0 0 152 152 17 
2 0 0 0 4 152 152 22 37 4 0 0 3 32 7 4 26 14 8 2 
0 0 2 23 50 40 1 0 

1.29594 108.833 208.765

21 5 1 7 51 2 0 15 0 0 0 32 135 54 0 0 0 0 0 10 
135 135 12 0 2 1 1 4 13 42 37 13 3 32 40 17 29 5 0 1 
0 4 20 20 104 134 5 0 0 0 1 39 135 135 4 0 5 26 29 61 
67 18 7 3 0 6 21 19 31 21 7 0 0 9 46 82 45 10 0 0 
0 0 7 100 135 47 1 0 5 8 7 22 81 63 31 8 0 0 0 21 
67 21 6 0 0 0 9 78 59 49 11 0 0 0 3 123 126 42 1 0 
0 0 24 45 28 31 9 1 

1.30483 113.282 96.6037

0 0 7 121 117 19 13 0 0 0 3 64 121 56 16 1 23 25 7 8 
34 79 20 0 121 121 1 0 1 3 0 7 6 5 44 121 77 1 0 0 
72 13 12 49 57 43 36 39 13 4 1 9 121 114 33 12 106 76 1 0 
14 7 1 14 10 24 32 76 50 2 0 0 53 82 74 56 32 2 0 7 
4 11 39 121 121 5 0 1 29 96 17 14 21 1 0 2 9 8 38 42 
1 0 0 1 2 9 24 34 22 1 1 1 0 1 11 64 38 4 0 0 
8 29 3 4 27 12 0 0 

1.31812 166.338 48.8598

5 0 0 7 20 2 0 1 0 0 0 5 157 58 0 0 0 0 0 0 
157 76 0 0 0 0 0 0 7 2 0 0 2 0 0 20 23 1 0 0 
0 0 0 14 157 53 0 0 0 0 0 9 157 109 0 0 0 0 0 0 
26 6 0 0 0 0 0 4 25 5 0 0 0 0 0 69 157 8 0 0 
0 0 0 121 157 8 0 0 0 0 0 7 27 0 0 0 0 0 0 13 
16 0 0 0 0 0 0 89 157 0 0 0 0 0 0 85 157 0 0 0 
0 0 0 3 6 0 0 0 

1.32241 105.072 139.228

21 0 0 0 0 0 55 81 20 9 0 14 11 4 76 53 9 15 30 129 
21 2 7 6 4 1 36 129 1 0 0 3 119 15 0 0 4 0 17 64 
9 3 0 129 129 8 33 41 0 0 1 129 81 3 3 1 20 0 3 41 
4 0 3 27 85 129 1 2 5 0 0 3 19 48 4 32 129 48 0 1 
0 0 0 23 129 61 2 1 17 16 6 1 2 3 1 10 61 93 0 0 
0 0 6 8 39 61 5 6 111 35 0 2 0 0 0 1 123 88 3 0 
0 3 4 0 8 21 15 0 

1.32241 105.072 139.228

31 39 1 0 0 0 5 54 12 27 11 49 69 4 10 26 1 0 1 126 
122 0 0 1 77 17 1 11 8 0 0 5 46 7 0 0 4 1 12 126 
11 0 0 47 126 37 17 45 2 0 0 51 126 21 1 2 31 18 8 1 
2 1 1 6 84 118 16 0 3 1 0 12 14 51 25 6 126 126 0 3 
0 0 0 2 76 126 9 0 1 2 5 1 3 37 12 1 11 126 43 0 
0 0 0 1 3 126 52 2 12 24 0 0 1 30 11 4 48 126 3 0 
0 0 0 0 9 84 54 2 

1.32986 102.182 165.654

7 1 1 43 136 2 1 4 80 2 1 4 14 5 2 44 8 0 6 59 
109 11 2 9 0 0 40 75 19 0 0 0 17 4 1 9 136 13 2 7 
136 6 0 2 28 11 3 46 12 0 1 25 136 38 1 8 1 0 20 39 
73 20 2 1 27 7 1 3 136 63 0 0 136 39 2 8 37 3 0 4 
13 6 1 23 136 47 4 1 0 0 0 0 47 55 62 8 12 1 0 4 
136 85 1 1 70 35 34 29 17 8 1 2 4 12 90 90 66 24 5 0 
3 44 44 6 6 11 50 9 

1.33194 76.8308 27.4496

17 3 0 0 29 2 0 4 0 0 0 2 186 6 0 0 0 0 0 1 
153 3 0 0 0 0 0 0 0 0 0 0 25 0 0 5 43 1 0 11 
0 0 0 28 186 4 0 0 0 0 0 8 180 1 0 0 0 0 0 0 
0 0 0 0 18 0 0 7 49 1 0 4 0 0 0 13 186 22 0 0 
0 0 0 3 179 10 0 0 0 0 0 0 0 0 0 0 7 1 1 18 
42 1 0 1 0 0 0 102 186 1 0 0 0 0 0 25 108 0 0 0 
0 0 0 0 0 0 0 0 

1.34083 71.0505 42.4026

17 6 0 0 0 0 2 6 6 9 2 13 152 23 1 2 0 0 0 17 
176 40 0 0 0 0 0 0 20 2 0 0 14 4 0 0 0 6 12 7 
2 4 1 8 146 41 6 8 0 0 0 13 176 91 0 0 0 0 0 0 
37 6 0 0 40 5 0 0 0 1 9 7 0 0 0 21 159 10 9 8 
0 0 0 70 176 11 0 0 0 0 0 5 39 0 0 0 49 2 0 0 
1 0 1 5 1 0 0 42 176 2 1 0 0 0 0 77 176 0 0 0 
0 0 0 3 16 0 0 0 

1.35072 64.4969 69.5045

66 17 4 6 10 27 12 10 13 8 6 48 152 104 0 1 0 0 0 7 
148 35 0 0 0 0 0 0 0 0 0 0 5 8 8 18 45 33 5 0 
1 3 5 139 152 15 0 0 0 0 0 43 152 4 0 0 0 0 0 0 
0 0 0 0 11 6 6 4 47 13 2 4 0 0 0 11 152 80 0 0 
0 0 0 4 152 29 0 0 0 0 0 0 0 0 0 0 29 13 0 0 
26 14 1 3 0 0 0 0 152 121 1 0 0 0 0 0 133 101 0 0 
0 0 0 0 2 2 0 0 

1.35545 166.578 117.326

0 0 0 1 32 5 0 1 0 0 1 87 111 1 0 0 0 0 0 120 
156 0 0 0 0 0 0 5 18 0 0 0 0 0 0 10 53 2 0 0 
0 0 0 156 156 6 0 0 0 0 0 156 134 1 0 0 0 0 0 3 
5 0 0 0 0 0 0 17 43 3 0 0 0 0 0 18 156 56 0 0 
0 0 0 14 154 21 0 0 0 0 0 0 0 0 0 0 0 2 2 7 
18 2 0 0 0 0 0 0 156 47 0 0 0 0 0 0 156 26 0 0 
0 0 0 0 1 0 0 0 

1.36921 96.8565 202.03

0 0 1 1 59 106 0 0 0 0 0 1 111 152 0 0 0 0 0 4 
33 75 0 0 5 6 7 4 4 9 3 3 0 1 5 7 26 19 0 0 
0 0 0 85 152 108 0 0 0 0 19 54 101 54 0 0 4 3 7 4 
5 18 7 7 0 1 1 2 23 7 2 0 0 0 0 17 152 152 0 0 
0 0 12 12 108 146 0 0 1 4 14 9 4 8 0 0 0 0 0 2 
5 2 0 0 0 0 0 0 59 147 0 0 0 0 0 0 64 152 3 0 
1 0 0 0 5 96 13 1 

1.37119 124.591 129.098

2 2 17 9 6 4 11 6 0 0 8 47 47 16 1 0 0 0 15 63 
57 99 6 0 0 0 1 5 30 140 13 0 4 0 0 0 23 31 43 31 
0 0 1 27 140 39 4 1 10 13 9 33 48 11 32 16 0 2 2 21 
62 78 26 2 10 3 24 32 37 20 9 25 0 0 22 116 140 33 0 0 
3 33 90 50 41 1 0 1 0 10 33 69 60 1 0 0 1 3 107 140 
5 0 0 0 0 0 140 140 21 0 0 0 0 69 140 58 2 0 0 0 
0 72 69 55 22 0 0 0 

1.37678 122.37 90.1344

3 0 6 11 39 33 30 3 0 0 0 3 144 124 4 0 15 7 1 11 
82 47 0 0 73 46 13 6 5 1 0 7 11 0 0 0 33 58 59 28 
0 0 0 23 144 125 9 0 2 4 0 22 144 57 2 0 51 39 7 0 
5 9 5 20 5 6 32 67 41 8 4 8 0 0 4 139 144 22 0 0 
0 0 0 16 144 38 11 3 38 3 1 0 1 7 16 57 0 1 64 144 
2 0 0 0 0 0 40 144 32 0 0 0 1 7 16 34 23 3 3 2 
9 12 17 2 0 0 3 8 

1.38087 164.331 148.666

0 0 0 0 7 10 37 10 0 0 0 105 165 9 7 1 0 0 22 165 
82 0 0 0 0 0 12 31 0 0 0 0 0 0 0 1 33 19 22 1 
0 0 0 85 165 19 2 0 0 0 0 48 136 3 0 0 0 0 0 0 
0 0 0 0 0 0 0 0 46 15 11 1 0 0 0 8 165 117 0 0 
0 0 0 3 146 39 0 0 0 0 0 0 0 0 0 0 0 0 0 0 
21 7 0 0 0 0 0 0 165 71 0 0 0 0 0 0 165 38 0 0 
0 0 0 0 1 0 0 0 

1.41535 119.839 201.37

0 0 2 3 12 32 14 1 0 0 2 15 17 38 18 3 0 0 16 42 
69 56 4 0 0 2 60 88 27 1 0 0 0 0 0 0 24 122 41 1 
35 3 0 0 43 59 25 33 5 0 0 17 142 79 10 7 0 0 15 60 
142 28 0 0 0 2 10 53 86 49 6 0 59 25 5 35 93 18 1 4 
9 7 5 101 142 7 0 0 0 3 44 95 114 15 0 0 0 2 37 138 
18 0 0 0 7 47 56 68 23 0 0 0 1 5 19 101 142 25 0 0 
5 8 19 33 91 40 5 2 

1.46019 125.574 113.874

46 27 17 17 0 0 0 0 1 2 14 138 100 0 0 0 0 0 1 146 
148 2 0 0 1 8 29 48 23 0 0 0 32 45 15 32 8 4 0 0 
0 0 6 70 136 22 0 0 0 0 0 21 148 38 0 0 13 7 2 7 
69 5 0 0 68 91 3 2 6 11 1 0 2 6 4 29 148 29 0 0 
0 0 0 31 148 24 0 0 8 9 0 1 88 10 0 0 49 102 10 1 
0 0 0 0 3 28 19 23 85 10 0 0 0 0 0 3 148 59 0 0 
3 3 0 0 87 19 0 0 

1.46369 153.783 128.498

151 0 0 1 1 0 0 151 24 0 0 51 75 0 0 12 0 0 0 50 
65 12 25 9 2 0 1 6 8 32 54 12 151 1 0 4 6 0 0 111 
11 1 0 33 109 17 1 4 29 0 0 8 38 15 29 54 4 6 10 25 
43 22 33 12 151 1 1 0 2 2 1 58 4 1 1 0 29 57 25 11 
26 0 0 6 38 38 43 22 2 1 10 62 151 2 0 1 151 0 0 0 
0 1 6 48 2 0 0 2 6 10 27 48 0 0 0 46 87 24 20 3 
0 0 0 112 137 1 0 0 

1.48097 149.871 128.933

21 0 0 38 103 1 0 3 0 0 0 48 98 18 33 10 20 1 1 11 
10 33 96 39 126 16 4 0 0 1 13 109 17 2 0 24 126 11 1 2 
36 0 0 5 59 21 45 69 10 9 17 26 72 33 65 27 51 86 126 17 
5 0 4 16 13 2 1 2 49 58 13 2 53 3 0 1 32 47 55 30 
10 2 8 44 126 23 4 4 0 19 119 89 73 1 0 0 15 1 0 0 
0 9 19 36 1 0 0 8 55 38 58 22 0 0 0 84 126 16 4 0 
0 1 22 113 126 0 0 0 

1.48108 77.3523 134.628

14 25 9 1 25 3 0 0 2 1 0 1 183 29 0 0 0 0 0 0 
149 8 0 0 0 0 0 0 1 0 0 0 51 9 0 0 26 5 0 33 
8 0 0 13 183 27 0 4 0 0 0 4 183 4 0 0 0 0 0 0 
2 0 0 0 30 1 1 10 32 4 1 60 1 0 0 40 183 16 0 4 
0 0 0 11 183 1 0 0 0 0 0 0 2 0 0 0 7 1 5 28 
33 1 0 9 0 0 0 79 183 0 0 0 0 0 0 19 115 0 0 0 
0 0 0 0 0 0 0 0 

1.49052 91.6965 82.049

6 10 35 25 0 0 1 3 23 6 12 5 2 15 21 35 0 0 13 15 
53 60 18 8 0 0 33 16 11 1 0 0 15 2 1 0 0 24 95 45 
112 1 0 0 19 34 38 145 11 0 0 5 145 104 17 28 0 0 12 15 
64 5 0 0 78 79 0 0 0 75 80 36 86 4 0 12 47 65 55 73 
13 1 0 57 145 13 1 6 0 0 3 22 83 0 0 0 145 70 0 0 
0 7 10 81 26 3 0 3 69 95 56 40 0 0 0 13 145 46 1 0 
0 0 0 6 62 10 0 0 

1.52771 100.059 141.33

128 15 0 0 0 0 1 27 115 29 1 16 21 1 16 58 2 1 4 128 
103 5 18 7 1 0 26 128 8 0 0 5 102 48 0 0 0 9 20 11 
128 126 4 19 55 0 0 2 5 9 2 64 128 21 0 0 8 6 1 15 
36 11 1 7 20 4 0 0 0 18 115 38 94 34 2 8 27 10 50 42 
6 6 2 13 128 72 2 0 0 3 1 0 35 59 20 0 43 10 1 0 
4 7 65 68 2 0 0 2 36 66 57 16 0 0 0 0 27 128 15 0 
0 0 0 0 5 101 46 0 

1.5296 121.838 163.393

0 0 13 12 63 147 6 0 0 0 0 1 90 147 9 0 0 0 0 0 
10 118 24 0 12 5 0 0 0 24 26 7 0 35 138 40 67 26 0 0 
0 7 15 58 147 88 1 1 22 5 8 24 51 61 44 41 4 0 0 1 
0 25 147 37 14 73 72 22 12 0 0 0 2 19 17 56 147 70 15 3 
31 5 17 18 28 44 42 75 9 2 49 37 0 1 34 20 14 12 11 18 
6 4 2 7 0 3 22 121 27 11 1 0 0 0 68 72 8 7 3 1 
0 0 54 55 0 0 0 0 

1.5599 145.732 149.677

0 0 4 76 9 0 0 0 0 0 4 137 34 1 0 0 0 0 1 138 
123 1 0 0 3 1 4 103 111 17 15 10 0 7 21 124 10 0 0 0 
4 17 8 41 114 21 0 0 5 0 2 104 138 29 0 3 24 0 2 23 
35 18 47 69 11 29 27 81 14 0 0 0 13 51 19 50 81 2 0 0 
15 0 1 51 138 17 1 12 106 0 0 0 21 4 4 80 10 12 13 22 
12 1 0 0 6 13 52 95 26 0 0 0 15 0 6 78 113 8 1 12 
83 0 0 0 5 2 2 48 

1.56146 106.084 204.888

0 0 0 18 137 25 0 0 0 0 0 10 109 77 7 0 19 39 0 1 
4 13 22 19 137 137 0 0 0 0 4 32 0 0 7 14 90 66 0 0 
0 0 3 26 137 89 2 0 24 47 12 19 24 9 9 14 137 137 0 0 
0 0 3 66 0 0 11 67 52 5 0 0 0 0 1 64 137 29 1 0 
14 19 8 12 30 23 14 10 104 137 1 0 0 0 0 5 0 0 0 22 
46 68 13 0 0 0 0 38 95 77 0 0 7 4 9 14 18 31 3 6 
65 20 5 0 0 0 0 32 

1.62022 64.5537 76.7131

3 3 43 35 27 23 4 4 16 4 18 12 82 92 8 18 0 0 0 0 
144 143 1 1 0 0 0 0 11 5 0 0 9 3 0 0 12 89 19 8 
51 2 1 7 79 64 19 61 2 0 0 16 144 114 2 4 0 0 0 0 
45 7 0 0 23 31 7 6 17 29 7 3 16 7 13 124 92 15 3 9 
0 0 3 144 144 5 0 0 0 0 0 10 36 0 0 0 35 20 4 5 
15 1 0 8 0 0 1 106 144 0 0 0 0 0 0 116 133 0 0 0 
0 0 0 4 4 0 0 0 

1.63322 168.682 107.544

9 6 0 0 2 2 0 0 5 4 0 2 169 34 0 0 0 0 0 0 
169 80 0 0 0 0 0 0 17 5 0 0 15 3 0 0 8 7 1 4 
1 7 4 6 143 27 0 0 0 0 0 7 169 78 0 0 0 0 0 0 
47 7 0 0 20 0 0 0 14 10 0 5 0 1 1 43 138 8 0 0 
0 0 0 78 169 5 0 0 0 0 0 5 51 0 0 0 15 0 0 1 
15 2 0 3 0 0 0 63 169 6 0 0 0 0 0 122 169 2 0 0 
0 0 0 6 18 0 0 0 

1.63413 78.2008 52.3301

144 8 8 0 0 0 0 25 0 2 11 17 96 0 0 0 0 0 0 19 
144 2 0 0 0 0 0 14 77 0 0 0 138 9 3 5 11 4 1 29 
0 0 4 23 104 3 0 0 0 0 0 5 144 19 0 0 0 0 0 1 
106 10 0 0 115 91 7 6 5 0 0 0 1 2 1 23 95 0 0 0 
0 0 0 11 144 31 0 0 0 0 0 0 106 28 0 0 144 126 4 1 
0 0 0 0 5 12 9 31 54 0 0 0 0 0 0 20 144 25 0 0 
0 0 0 0 98 28 0 0 

1.63476 80.1891 83.5486

10 35 6 5 58 30 3 2 0 0 0 16 138 45 0 0 0 0 0 31 
138 8 6 4 1 0 0 1 21 19 66 14 61 78 6 4 28 16 4 9 
7 1 0 25 138 42 1 1 10 7 4 22 138 8 6 12 41 79 12 0 
0 5 70 46 47 10 8 63 22 3 53 44 6 0 4 129 138 21 0 1 
2 4 9 20 138 23 0 0 46 66 20 4 1 0 0 31 0 1 41 124 
34 1 6 1 0 3 24 125 76 4 0 0 2 5 8 12 127 26 0 0 
54 42 22 3 8 3 1 13 

1.66919 147.166 89.0838

0 0 0 13 33 4 1 0 2 0 0 23 70 27 10 3 0 0 0 22 
71 123 26 1 0 0 4 21 96 76 1 0 1 15 18 36 45 0 0 0 
53 8 1 28 46 7 6 19 8 1 0 18 123 47 9 8 0 0 0 41 
123 35 0 0 0 49 102 29 14 0 0 0 69 79 25 20 20 2 0 2 
29 22 0 2 111 123 11 2 0 0 0 1 123 123 4 0 0 65 122 25 
5 0 0 0 47 123 38 1 0 0 0 0 50 113 3 3 39 37 5 1 
0 3 1 1 114 108 47 2 

1.7241 116.576 194.251

4 0 0 1 46 70 24 9 0 0 1 36 141 75 1 0 1 3 11 44 
67 28 2 4 44 11 4 0 1 2 4 43 11 13 9 21 104 33 2 4 
0 1 6 67 141 40 0 0 9 21 24 60 69 18 2 7 62 82 6 0 
0 0 3 59 0 7 77 108 50 0 0 0 0 1 52 82 141 89 1 0 
3 12 8 19 65 105 11 1 33 74 4 0 1 4 1 2 0 0 55 141 
86 3 0 0 0 2 141 119 18 7 0 0 10 12 35 42 23 18 10 10 
7 6 0 0 1 11 36 8 

1.79197 179.801 160.679

0 0 1 1 2 0 0 0 0 0 0 17 174 19 0 0 0 0 0 30 
174 37 0 0 0 0 0 1 9 1 0 0 0 1 2 1 1 0 0 0 
0 0 0 4 174 36 0 0 0 0 0 8 174 80 0 0 0 0 0 0 
24 4 0 0 0 3 5 1 0 0 0 0 0 0 1 30 174 2 0 0 
0 0 0 66 174 7 0 0 0 0 0 3 25 0 0 0 0 1 5 0 
0 0 0 0 0 0 3 8 170 8 0 0 0 0 0 9 174 25 0 0 
0 0 0 0 16 1 0 0 

1.8729 146.413 149.337

0 0 0 70 10 0 0 0 0 0 0 132 71 0 0 0 0 0 0 132 
132 3 1 0 2 0 1 44 73 8 19 40 0 0 9 132 13 0 0 0 
0 0 15 85 132 4 0 0 2 0 0 42 132 24 3 8 19 0 0 3 
28 10 31 110 0 33 54 113 2 0 0 0 0 10 54 70 61 0 0 0 
10 0 1 46 132 20 1 10 76 0 0 0 13 7 4 57 72 119 25 17 
2 0 0 0 0 3 26 99 24 0 0 0 19 1 3 92 45 1 1 8 
84 0 0 1 2 0 3 61 

2.02116 115.959 194.326

0 0 0 3 40 56 11 0 0 0 0 44 137 32 0 0 14 0 0 35 
60 1 0 5 137 17 0 0 0 0 0 28 0 0 0 30 90 41 6 0 
0 0 0 35 137 24 0 0 23 20 4 23 67 5 0 7 137 69 0 0 
0 0 0 51 0 0 22 137 52 0 0 0 0 0 26 113 137 22 0 0 
6 15 3 14 59 34 2 1 113 137 0 0 0 1 2 3 0 0 14 108 
137 9 0 0 0 5 74 111 19 0 0 0 7 27 19 14 9 3 8 5 
43 21 1 0 0 0 17 23 

2.08599 64.8069 77.19

26 0 3 24 22 18 3 34 0 0 1 17 133 145 3 0 0 0 0 0 
84 144 0 0 0 0 0 0 5 5 0 0 36 16 1 15 20 29 12 4 
0 0 0 12 68 115 44 16 0 0 0 5 145 145 3 0 0 0 0 0 
40 15 0 0 64 76 0 0 1 9 9 1 3 9 1 53 119 21 20 4 
0 0 0 116 145 20 0 0 0 0 0 10 54 2 0 0 82 61 0 0 
0 0 0 0 21 12 1 23 145 9 0 0 0 0 0 46 145 13 0 0 
0 0 0 4 23 1 0 0 

2.08855 94.9729 138.844

2 0 0 0 0 2 83 125 6 0 0 5 19 15 34 125 1 0 14 63 
27 1 0 7 0 0 40 71 1 0 0 0 5 2 6 9 18 23 121 125 
0 0 1 22 125 65 39 11 0 0 0 52 78 42 49 0 0 0 7 35 
14 54 37 0 4 3 50 83 13 2 3 9 1 20 59 40 70 35 37 4 
5 31 14 0 10 61 125 18 0 2 0 0 30 125 90 0 0 0 52 125 
2 0 0 0 0 48 125 36 1 0 2 1 17 125 69 1 3 5 10 4 
10 36 8 5 59 59 9 1 

2.08855 94.9729 138.844

26 124 4 0 0 0 0 0 27 72 17 4 7 24 7 3 2 5 15 25 
103 124 5 1 0 0 0 1 30 124 23 0 124 72 3 0 1 1 0 16 
49 45 76 41 34 5 1 9 0 12 124 74 37 15 0 0 0 7 23 12 
16 112 21 0 119 1 0 2 5 4 8 124 27 0 7 36 124 37 4 33 
0 35 78 41 71 2 0 0 10 73 33 1 0 1 1 0 17 4 32 37 
8 2 16 69 3 1 28 124 107 2 0 5 1 20 11 61 70 0 0 0 
21 80 4 1 0 0 0 0 

2.34802 120.368 153.428

0 0 15 13 21 87 19 0 9 46 42 16 24 27 5 0 7 79 115 115 
8 1 0 0 0 1 24 115 115 14 0 0 0 19 79 48 55 19 2 0 
0 5 50 84 115 10 0 0 0 41 115 71 25 6 1 0 0 20 14 25 
33 95 13 0 0 71 110 38 63 5 0 0 0 34 77 55 115 14 0 0 
0 56 47 39 90 8 0 0 8 81 62 2 1 9 2 1 0 14 30 14 
115 58 0 0 0 23 115 53 33 14 0 0 12 10 24 66 24 0 1 8 
31 19 7 0 0 0 0 55 

2.37418 114.702 161.962

16 118 79 2 0 0 0 0 7 115 111 24 0 0 0 0 1 11 75 103 
13 1 0 0 0 28 104 21 1 0 0 0 14 39 38 0 0 0 28 46 
101 66 22 3 6 2 7 67 15 6 10 31 105 19 1 9 0 9 39 23 
28 5 5 0 1 0 0 0 1 53 118 84 39 0 0 2 13 69 105 61 
8 0 0 12 117 26 15 15 0 0 0 4 24 30 73 35 0 0 0 21 
99 85 118 14 0 0 0 23 69 116 40 1 0 0 0 0 31 65 72 46 
0 0 0 0 41 28 59 62 

2.37418 114.702 161.962

6 22 37 110 6 0 0 0 20 92 58 22 1 0 0 2 51 92 122 32 
0 0 0 2 5 16 122 122 0 0 0 0 11 28 37 113 13 0 0 0 
61 70 28 15 14 3 0 0 3 10 102 82 89 8 0 0 0 0 56 122 
18 4 10 1 24 18 34 21 0 0 4 11 83 69 2 2 11 1 2 9 
12 12 1 10 91 68 56 11 0 0 0 7 15 47 122 5 4 1 0 0 
0 0 86 30 31 10 0 0 0 0 47 103 18 2 0 0 0 18 66 89 
6 0 0 0 0 40 122 78 

2.53029 104.923 159.83

0 0 0 1 28 37 125 96 1 0 0 49 20 1 24 59 0 0 9 125 
29 0 0 1 0 12 79 58 7 0 2 3 0 0 0 5 125 38 12 4 
0 0 0 92 125 12 2 3 0 0 1 125 59 18 5 0 14 1 5 19 
17 8 22 49 1 0 6 47 125 38 0 1 1 6 25 71 125 36 8 1 
1 10 5 7 26 90 68 2 62 5 0 0 1 42 36 34 0 0 92 125 
60 2 0 0 9 42 71 125 7 0 1 0 31 97 19 2 0 18 15 20 
18 5 1 0 0 27 66 41 

2.62746 107.676 182.617

0 0 0 0 1 105 88 0 0 0 0 7 99 92 28 0 0 6 16 21 
101 31 0 0 9 108 27 2 5 4 0 0 2 1 0 0 39 81 63 0 
0 0 0 44 151 97 20 0 0 0 5 56 127 19 0 0 0 11 7 2 
18 23 6 1 2 6 2 29 60 2 0 0 0 0 0 91 151 28 0 0 
6 0 3 19 139 14 0 3 17 0 1 0 2 6 34 37 0 2 2 91 
67 0 0 0 0 0 0 151 151 0 0 0 13 0 0 32 47 2 0 19 
55 0 0 0 0 0 6 71 

2.63413 96.0337 196.601

0 11 2 0 1 3 8 2 0 1 1 5 136 103 1 0 0 0 0 5 
161 131 0 0 31 3 0 1 24 14 0 3 0 9 6 1 0 0 0 0 
0 2 5 15 161 14 0 0 0 0 0 16 161 48 0 0 33 0 0 2 
52 6 0 14 0 0 1 0 2 7 3 0 0 0 1 17 156 14 0 0 
0 0 0 46 161 49 0 0 54 1 0 6 43 7 0 16 0 0 0 6 
5 3 1 0 0 0 0 2 60 38 0 0 0 0 0 0 161 161 7 0 
26 0 0 0 16 80 38 29 

2.67007 111.845 237.328

0 0 2 13 36 3 0 0 0 0 0 46 186 5 0 0 0 0 0 7 
163 55 1 0 0 0 0 0 5 18 11 5 0 0 0 1 64 18 3 1 
0 0 0 37 186 12 0 0 0 0 0 35 142 26 0 0 0 0 0 1 
18 28 4 2 1 0 1 9 56 8 0 1 0 0 0 10 186 43 0 0 
0 0 24 44 142 4 0 0 3 2 14 19 11 3 0 1 1 0 1 6 
27 4 0 5 0 0 0 56 186 15 0 0 1 11 26 66 142 0 0 0 
14 28 16 3 0 0 0 4 

2.95498 130.574 148.212

4 24 93 49 0 0 0 0 0 0 122 122 3 3 0 0 0 33 122 43 
1 2 0 0 0 27 108 105 105 2 0 0 0 4 57 52 3 4 27 9 
0 0 24 66 21 60 43 1 0 12 51 39 64 54 8 0 0 10 69 115 
39 4 0 0 15 3 1 1 26 20 58 36 0 0 20 77 122 32 19 0 
0 0 69 87 115 17 0 0 0 3 35 52 101 11 0 0 46 7 0 9 
48 6 2 15 0 0 4 31 122 43 0 0 0 0 58 51 94 56 0 0 
0 0 28 67 35 12 4 1 

3.01117 145.825 137.526

58 4 0 0 0 52 63 33 94 43 8 1 2 0 7 17 2 15 11 4 
120 89 0 0 0 0 0 0 132 132 0 0 2 3 4 1 5 83 106 11 
16 10 7 5 42 28 41 17 38 20 8 2 38 41 5 21 2 0 0 0 
132 132 60 5 1 59 93 11 10 9 9 0 16 12 18 35 86 10 3 3 
110 15 0 2 8 4 7 61 20 0 0 0 1 85 119 73 52 74 58 2 
0 0 0 5 22 33 28 54 12 0 0 0 132 42 5 9 2 0 0 16 
82 1 0 0 0 0 2 58 

3.01117 145.825 137.526

0 0 0 5 141 48 0 0 18 0 0 0 64 81 12 31 25 0 0 0 
13 48 56 33 0 0 0 0 10 35 141 16 0 1 32 64 94 18 0 0 
16 4 2 19 111 58 2 2 86 40 13 2 8 4 19 20 8 21 53 6 
0 9 61 8 9 141 141 34 7 0 0 0 12 74 16 18 55 19 8 1 
20 25 23 18 21 20 16 5 0 28 128 54 27 7 0 0 60 141 43 0 
0 0 0 0 83 141 1 0 0 4 6 1 12 25 0 1 22 50 24 5 
0 1 10 15 103 80 0 0 

3.26916 118.456 91.282

86 50 3 7 42 3 0 7 3 2 1 9 131 30 2 1 11 2 0 1 
34 11 18 21 2 0 0 2 10 15 12 3 65 1 1 8 41 18 33 93 
6 0 0 18 131 55 6 11 39 1 0 0 37 11 51 84 5 1 0 0 
2 68 131 29 1 0 113 131 18 3 20 27 7 3 44 131 131 5 0 4 
73 71 64 6 16 0 5 37 16 72 131 5 2 21 49 22 0 0 67 104 
16 2 0 0 0 2 56 66 5 0 0 0 0 13 83 18 0 0 0 0 
0 26 117 5 0 0 0 0 

3.32547 83.9275 86.1065

109 8 0 4 61 17 1 35 0 0 0 2 132 46 3 0 0 0 0 0 
54 37 56 4 0 0 0 0 3 12 84 5 92 53 5 3 52 15 0 18 
4 3 1 6 132 59 6 3 42 38 7 1 25 19 102 44 11 26 28 3 
1 15 132 31 123 121 9 29 28 0 0 1 2 6 4 76 132 4 0 0 
18 65 79 32 44 0 0 2 6 83 132 10 1 1 7 5 68 132 11 10 
7 0 0 0 5 27 7 25 102 38 0 0 0 0 9 26 55 48 1 0 
7 19 21 4 1 5 3 3 

3.52727 95.6483 96.0295

44 21 40 15 0 10 56 37 1 0 14 23 39 96 61 8 0 0 7 11 
19 26 14 8 2 11 6 5 1 3 4 3 138 71 1 3 13 19 22 36 
35 11 2 30 138 100 23 13 4 4 17 39 83 9 0 2 7 3 9 4 
0 0 7 37 138 92 16 14 6 0 0 5 31 36 29 99 138 26 6 0 
6 1 1 8 67 48 52 37 14 0 0 3 0 0 22 138 53 23 8 5 
0 0 60 66 5 9 13 34 11 9 138 48 0 0 0 5 8 27 138 46 
2 0 5 83 6 2 24 89 

3.98038 135.437 156.065

0 0 0 0 8 136 116 0 0 0 0 1 30 136 136 0 7 5 0 1 
29 113 81 10 2 8 21 11 16 25 4 2 0 0 0 7 46 40 26 0 
0 0 0 33 136 71 21 0 0 0 0 9 112 113 28 0 0 0 0 0 
14 132 26 0 0 0 14 36 57 0 0 0 0 0 1 25 136 35 3 0 
1 0 0 0 43 63 62 13 0 0 0 0 4 107 97 3 0 30 136 39 
6 0 0 0 1 43 76 43 56 7 0 0 14 11 6 7 20 8 11 11 
4 12 27 2 4 21 38 5 

4.68078 101.902 87.7044

7 15 59 32 0 0 9 58 23 64 129 9 1 1 3 19 2 5 129 86 
24 6 3 3 0 3 129 40 3 0 0 0 23 8 43 62 1 0 0 8 
129 28 19 5 15 11 6 60 13 2 9 37 129 38 6 16 0 0 40 36 
50 4 0 0 33 4 0 4 2 14 11 15 129 63 15 14 11 2 10 32 
9 14 14 50 129 34 6 3 0 0 0 1 52 33 15 3 4 0 0 0 
1 51 129 28 16 12 4 2 1 9 129 101 1 3 2 4 28 129 89 13 
0 0 0 0 10 92 47 20 

4.82958 130.191 90.1449

0 0 12 13 83 120 6 0 3 0 0 0 21 120 47 12 38 9 9 7 
0 12 25 76 6 4 15 97 13 2 13 27 5 14 87 49 38 38 2 2 
29 20 15 3 17 120 67 13 8 6 11 28 110 108 30 5 0 2 15 105 
40 3 0 0 9 8 9 7 34 90 71 35 44 10 2 8 65 23 46 88 
1 0 0 27 120 57 6 2 0 0 0 6 50 50 27 0 11 66 0 0 
0 27 74 16 1 3 0 1 42 104 54 16 0 0 0 3 66 120 72 0 
0 0 0 0 2 105 100 0 

4.96659 92.2048 148.262

72 27 1 2 27 39 9 19 81 135 76 28 2 0 0 3 1 17 135 135 
17 0 0 0 0 0 125 135 2 0 0 0 8 24 7 14 84 15 1 1 
36 96 27 34 37 0 0 1 0 4 20 135 135 15 0 0 0 0 9 45 
38 7 0 0 4 1 2 15 81 67 8 4 26 14 32 39 22 5 6 9 
1 3 12 22 135 65 0 0 0 0 0 0 58 48 0 0 0 0 17 128 
54 13 0 0 10 14 54 51 1 0 0 0 26 14 9 3 43 49 1 2 
0 0 0 0 73 68 0 0 

5.39656 60.2618 62.5501

77 9 4 2 6 18 13 35 15 1 0 4 147 120 6 8 0 0 0 1 
78 28 0 0 0 0 0 0 0 0 0 0 147 47 11 4 11 2 0 5 
38 6 0 52 147 25 1 2 0 0 0 19 130 6 0 0 0 0 0 0 
0 0 0 0 147 4 0 0 12 6 0 36 46 0 0 20 147 58 1 15 
0 0 0 6 135 11 0 0 0 0 0 0 0 0 0 0 110 0 0 22 
19 0 10 106 21 0 0 139 147 2 0 10 0 0 0 25 70 0 0 0 
0 0 0 0 0 0 0 0 

5.47586 78.5101 112.972

1 4 115 96 12 1 0 0 24 30 92 14 12 2 1 7 4 5 11 51 
147 1 0 2 0 0 0 8 57 0 0 0 15 3 14 13 12 45 13 2 
133 9 5 1 35 6 2 40 13 0 0 21 147 7 1 9 0 0 0 7 
58 0 0 0 10 18 12 3 22 147 37 22 83 0 0 0 62 32 35 120 
7 0 0 17 147 14 4 7 0 0 0 4 47 0 0 0 60 62 26 4 
9 12 6 59 29 0 0 39 113 25 30 128 0 0 0 76 147 12 3 2 
0 0 0 6 20 0 0 0 

6.08635 88.561 224.218

0 0 0 1 3 4 24 0 0 0 7 11 5 5 36 0 0 0 42 131 
8 10 39 0 0 0 69 164 45 19 18 0 1 8 1 0 1 3 0 0 
0 0 1 21 76 13 2 0 0 0 29 164 164 21 1 0 0 0 67 164 
40 18 39 21 5 11 1 0 0 0 0 0 2 3 0 5 113 9 0 0 
0 0 0 13 164 119 4 0 10 0 0 3 55 60 49 43 1 0 0 0 
0 0 0 0 1 0 0 1 46 11 0 0 0 0 0 15 164 62 0 0 
25 13 4 16 79 14 1 6 

6.15386 143.724 104.05

0 0 0 0 0 0 30 134 2 0 4 2 0 0 66 134 36 14 15 3 
0 0 9 134 11 8 16 29 38 3 0 3 9 0 0 1 10 2 38 134 
1 2 30 70 50 8 38 111 34 73 72 36 4 2 2 11 11 23 57 102 
38 1 0 0 49 1 8 55 24 3 7 103 1 1 40 61 92 42 11 3 
18 17 30 91 33 19 15 7 1 4 71 134 18 4 0 0 11 0 10 117 
52 0 0 11 0 4 134 91 17 2 0 0 5 22 83 59 19 6 4 1 
3 5 1 14 20 49 9 2 

6.15386 143.724 104.05

59 125 45 8 4 0 0 0 7 14 33 18 12 22 9 0 0 1 17 26 
125 49 3 0 0 2 2 28 67 12 5 1 125 96 0 2 5 0 0 0 
40 17 41 51 73 13 2 1 6 13 47 28 87 44 6 9 1 1 3 3 
55 75 22 14 125 72 0 0 2 1 0 1 85 19 0 3 42 84 44 6 
5 3 1 33 62 49 53 24 0 1 10 80 86 21 2 2 125 110 0 0 
0 0 0 0 104 125 2 0 16 23 10 3 0 6 1 20 116 85 4 0 
0 0 0 28 65 76 0 0 

6.2662 176.714 62.4499

108 38 2 0 17 17 0 6 11 0 0 0 155 121 0 1 0 0 0 0 
84 28 0 0 0 0 0 0 0 0 0 0 155 2 0 2 19 2 0 22 
19 0 0 23 155 25 0 2 0 0 0 8 155 7 0 0 0 0 0 0 
1 0 0 0 86 9 1 5 22 4 6 76 8 0 0 43 155 29 0 6 
0 0 0 12 155 7 0 0 0 0 0 0 1 0 0 0 47 38 5 38 
21 0 0 14 1 2 1 155 155 0 0 0 0 0 0 34 62 0 0 0 
0 0 0 0 0 0 0 0 

6.4 70 20

43 63 0 0 39 121 4 1 1 0 0 0 110 146 0 0 0 0 0 0 
12 10 0 0 0 0 0 0 0 0 0 0 146 80 0 0 43 22 0 30 
18 5 0 3 146 99 0 2 0 0 0 0 64 12 0 0 0 0 0 0 
0 0 0 0 56 2 0 21 67 6 36 146 8 0 0 100 146 8 2 10 
0 0 0 11 62 0 0 0 0 0 0 0 0 0 0 0 0 0 10 146 
88 3 25 47 0 0 0 134 146 0 0 0 0 0 0 4 10 0 0 0 
0 0 0 0 0 0 0 0 

6.83247 129.783 126.232

0 0 9 34 104 80 4 0 1 2 2 7 110 125 10 0 3 19 19 11 
25 59 7 1 1 5 6 22 35 59 2 0 16 108 112 43 43 5 1 0 
2 8 16 12 49 121 28 1 0 0 3 38 125 117 11 0 2 21 13 50 
32 5 3 0 125 125 19 5 5 0 0 0 26 22 74 60 57 7 2 0 
2 6 37 33 125 70 3 2 2 5 3 6 36 41 42 24 125 65 0 0 
6 2 0 0 58 16 8 14 58 63 33 7 6 5 7 30 62 51 30 21 
2 3 25 49 47 25 8 8 

7.94964 54.347 60.2293

19 5 2 0 5 37 26 45 2 0 0 0 113 147 11 7 0 0 0 0 
50 33 0 0 0 0 0 0 0 0 0 0 91 74 28 0 11 6 6 16 
31 9 0 0 147 67 3 5 0 0 0 0 147 16 0 0 0 0 0 0 
1 0 0 0 147 22 5 3 11 3 26 93 46 1 0 47 147 20 2 19 
0 0 0 14 147 4 0 0 0 0 0 0 1 0 0 0 11 0 1 89 
37 12 104 72 4 0 0 147 147 1 2 9 0 0 0 36 56 0 0 0 
0 0 0 0 0 0 0 0 

8.27084 76.0933 46.5334

8 10 26 11 13 10 21 15 35 27 5 0 39 59 15 27 1 0 0 0 
135 101 1 0 0 0 0 0 17 5 0 0 22 28 50 35 22 12 5 6 
135 62 10 0 54 15 2 21 11 1 0 4 135 60 0 2 0 0 0 0 
44 6 0 0 11 1 0 1 12 68 135 49 82 1 0 44 69 7 69 129 
7 0 0 113 135 7 1 4 0 0 0 8 38 0 0 0 0 19 61 39 
7 15 120 12 0 0 8 135 76 8 40 14 0 0 0 135 79 0 0 0 
0 0 0 4 5 0 0 0 

9.39881 72.542 79.7618

0 0 4 117 114 4 1 1 1 0 5 35 71 53 9 8 0 0 0 0 
89 93 1 0 0 0 0 0 7 5 0 0 3 10 23 81 89 12 8 4 
29 19 6 2 36 57 36 43 1 0 0 3 128 128 7 2 0 0 0 0 
38 9 0 0 22 23 32 60 59 36 20 16 128 41 8 11 70 6 7 51 
6 0 0 52 128 12 0 2 0 0 0 7 46 0 0 0 4 3 4 12 
17 101 128 27 24 0 1 121 75 9 52 71 0 0 0 128 128 0 0 1 
0 0 0 6 15 0 0 0 

10.1122 183.367 59.935

16 64 21 0 27 107 11 4 2 1 0 0 134 151 0 0 0 0 0 0 
26 19 0 0 0 0 0 0 0 0 0 0 151 57 6 0 27 18 2 44 
22 1 0 0 151 107 0 5 0 0 0 0 113 17 0 0 0 0 0 0 
0 0 0 0 100 5 2 16 30 2 4 105 12 1 1 90 151 11 0 7 
0 0 0 16 122 1 0 0 0 0 0 0 0 0 0 0 21 4 2 59 
60 7 15 29 1 1 1 151 151 0 0 0 0 0 0 22 31 0 0 0 
0 0 0 0 0 0 0 0 

10.1301 107.021 112.175

4 6 11 12 122 122 0 0 8 27 36 65 79 46 0 0 0 0 5 94 
122 57 0 0 0 0 0 8 11 39 0 0 20 87 57 33 84 36 0 0 
0 0 2 39 122 63 0 0 4 1 1 23 64 72 13 12 0 0 0 0 
9 122 18 4 122 70 10 21 22 12 2 4 0 0 3 44 122 49 3 0 
15 20 19 20 38 23 16 25 17 20 2 0 55 99 15 10 122 100 0 0 
17 15 3 4 4 11 1 23 122 75 2 0 21 23 22 32 46 33 23 15 
56 25 2 2 54 19 6 23 

10.7341 119.373 185.54

3 1 0 0 53 42 0 0 9 7 1 4 109 88 1 1 73 110 4 4 
9 3 0 1 37 37 0 0 0 0 0 0 6 32 8 1 52 17 0 3 
4 2 2 28 133 33 0 1 133 46 11 20 38 1 0 46 83 23 61 42 
0 0 0 15 22 133 63 17 22 1 0 0 7 16 16 58 133 11 0 1 
74 46 72 53 50 4 0 17 11 10 133 133 5 0 0 2 123 81 12 7 
2 0 0 32 11 14 13 72 99 0 0 0 0 3 17 82 65 2 0 0 
0 0 14 51 53 10 0 0 

11.999 83.9144 186.03

0 0 4 0 0 0 0 0 0 0 5 6 111 3 0 0 0 0 0 8 
154 16 0 0 0 0 0 1 61 2 0 0 0 10 114 12 0 0 0 0 
0 43 116 27 84 0 0 0 0 3 8 21 154 26 0 0 0 0 0 0 
80 22 9 0 0 10 69 17 3 30 66 3 0 77 103 26 17 43 33 0 
0 12 29 49 154 68 8 0 0 0 0 0 31 73 56 2 0 0 1 1 
0 40 129 1 0 2 6 17 11 135 108 0 0 0 6 11 24 138 37 0 
1 0 0 0 16 89 12 3 

13.9989 158.755 79.3108

29 25 30 9 1 3 4 91 13 41 18 0 36 132 8 10 0 0 0 0 
75 122 0 0 0 0 0 0 3 2 0 0 41 26 28 23 30 12 7 28 
132 53 13 4 62 45 3 55 9 0 0 8 132 103 0 3 0 0 0 0 
24 4 0 0 66 17 8 3 5 4 4 63 96 2 1 36 81 10 7 97 
4 0 0 99 132 13 0 1 0 0 0 5 23 1 0 0 85 2 0 0 
2 5 21 91 81 0 0 7 64 99 32 63 0 0 0 22 108 132 64 0 
0 0 0 0 3 57 42 0 

15.2605 117.541 203.656

0 0 0 0 10 3 0 0 2 1 0 0 18 8 0 0 13 9 0 0 
0 0 0 0 2 2 2 1 0 0 0 0 0 29 31 2 46 21 0 0 
8 14 3 5 126 63 0 0 82 115 21 6 18 1 0 0 12 28 106 84 
0 0 0 0 2 126 126 8 11 2 0 0 2 48 46 72 126 9 0 0 
17 56 113 117 47 0 0 0 1 8 126 126 2 0 0 0 99 126 31 0 
0 0 0 8 40 59 26 78 48 0 0 2 0 0 14 124 93 7 0 0 
0 0 17 66 42 12 0 0 

16.9761 156.653 77.3552

62 9 2 0 0 0 0 54 17 17 2 0 41 50 1 7 0 0 0 0 
65 64 0 0 0 0 0 0 4 2 0 0 90 30 9 2 0 0 0 35 
79 43 7 2 62 53 1 36 3 0 0 6 138 106 0 2 0 0 0 0 
28 5 0 0 112 29 0 0 0 0 1 68 76 0 0 14 93 30 10 109 
1 0 0 49 138 60 4 1 0 0 0 3 28 10 3 0 51 0 0 0 
2 12 69 138 87 0 0 0 25 95 51 97 2 0 0 2 56 138 125 3 
0 0 0 0 2 91 90 0 

